0,-3.188396,55.944425,261,-3.188415,55.944305,trades.rare.cable
1,-3.188415,55.944305,300,-3.1883691928366185,55.944225659665676,rush.crown.link
2,-3.1883691928366185,55.944225659665676,20,-3.1880872850503827,55.94432826570868,null
3,-3.1880872850503827,55.94432826570868,10,-3.187975168342853,55.944348034909204,thank.salsa.brain
4,-3.187975168342853,55.944348034909204,80,-3.187943400725164,55.944528198021864,hurt.green.filer
5,-3.187943400725164,55.944528198021864,40,-3.187713587392228,55.94472103430477,null
6,-3.187713587392228,55.94472103430477,125,-3.1878856603231336,55.944966779918055,null
7,-3.1878856603231336,55.944966779918055,115,-3.1880124458016557,55.94523867225416,null
8,-3.1880124458016557,55.94523867225416,300,-3.1878624458016556,55.94497886463303,null
9,-3.1878624458016556,55.94497886463303,300,-3.1877124458016555,55.944719057011895,null
10,-3.1877124458016555,55.944719057011895,125,-3.187884518732561,55.94496480262518,null
11,-3.187884518732561,55.94496480262518,115,-3.188011304211083,55.94523669496129,null
12,-3.188011304211083,55.94523669496129,300,-3.187861304211083,55.944976887340154,null
13,-3.187861304211083,55.944976887340154,300,-3.1877113042110827,55.94471707971902,null
14,-3.1877113042110827,55.94471707971902,125,-3.187883377141988,55.944962825332304,null
15,-3.187883377141988,55.944962825332304,115,-3.18801016262051,55.94523471766841,null
16,-3.18801016262051,55.94523471766841,300,-3.18786016262051,55.94497491004728,null
17,-3.18786016262051,55.94497491004728,300,-3.18771016262051,55.944715102426144,null
18,-3.18771016262051,55.944715102426144,125,-3.1878822355514154,55.94496084803943,null
19,-3.1878822355514154,55.94496084803943,115,-3.1880090210299374,55.94523274037554,null
20,-3.1880090210299374,55.94523274037554,300,-3.1878590210299373,55.9449729327544,null
21,-3.1878590210299373,55.9449729327544,300,-3.1877090210299373,55.94471312513327,null
22,-3.1877090210299373,55.94471312513327,125,-3.1878810939608426,55.944958870746554,null
23,-3.1878810939608426,55.944958870746554,115,-3.1880078794393647,55.94523076308266,null
24,-3.1880078794393647,55.94523076308266,300,-3.1878578794393646,55.94497095546153,null
25,-3.1878578794393646,55.94497095546153,300,-3.1877078794393645,55.944711147840394,null
26,-3.1877078794393645,55.944711147840394,125,-3.18787995237027,55.94495689345368,null
27,-3.18787995237027,55.94495689345368,115,-3.188006737848792,55.94522878578979,null
28,-3.188006737848792,55.94522878578979,300,-3.187856737848792,55.94496897816865,null
29,-3.187856737848792,55.94496897816865,300,-3.1877067378487918,55.94470917054752,null
30,-3.1877067378487918,55.94470917054752,125,-3.187878810779697,55.9449549161608,null
31,-3.187878810779697,55.9449549161608,115,-3.188005596258219,55.94522680849691,null
32,-3.188005596258219,55.94522680849691,300,-3.187855596258219,55.94496700087578,null
33,-3.187855596258219,55.94496700087578,300,-3.187705596258219,55.944707193254644,null
34,-3.187705596258219,55.944707193254644,125,-3.1878776691891244,55.94495293886793,null
35,-3.1878776691891244,55.94495293886793,115,-3.1880044546676465,55.94522483120404,null
36,-3.1880044546676465,55.94522483120404,300,-3.1878544546676464,55.9449650235829,null
37,-3.1878544546676464,55.9449650235829,300,-3.1877044546676463,55.94470521596177,null
38,-3.1877044546676463,55.94470521596177,125,-3.1878765275985517,55.94495096157505,null
39,-3.1878765275985517,55.94495096157505,115,-3.1880033130770737,55.94522285391116,null
40,-3.1880033130770737,55.94522285391116,300,-3.1878533130770736,55.94496304629003,null
41,-3.1878533130770736,55.94496304629003,300,-3.1877033130770736,55.94470323866889,null
42,-3.1877033130770736,55.94470323866889,125,-3.187875386007979,55.94494898428218,null
43,-3.187875386007979,55.94494898428218,115,-3.188002171486501,55.945220876618286,null
44,-3.188002171486501,55.945220876618286,300,-3.187852171486501,55.94496106899715,null
45,-3.187852171486501,55.94496106899715,300,-3.187702171486501,55.94470126137602,null
46,-3.187702171486501,55.94470126137602,125,-3.187874244417406,55.9449470069893,null
47,-3.187874244417406,55.9449470069893,115,-3.1880010298959283,55.94521889932541,null
48,-3.1880010298959283,55.94521889932541,300,-3.187851029895928,55.94495909170428,null
49,-3.187851029895928,55.94495909170428,300,-3.187701029895928,55.94469928408314,null
50,-3.187701029895928,55.94469928408314,125,-3.1878731028268334,55.94494502969643,null
51,-3.1878731028268334,55.94494502969643,115,-3.1879998883053555,55.945216922032536,null
52,-3.1879998883053555,55.945216922032536,300,-3.1878498883053554,55.9449571144114,null
53,-3.1878498883053554,55.9449571144114,300,-3.1876998883053553,55.94469730679027,null
54,-3.1876998883053553,55.94469730679027,125,-3.1878719612362607,55.94494305240355,null
55,-3.1878719612362607,55.94494305240355,115,-3.187998746714783,55.94521494473966,null
56,-3.187998746714783,55.94521494473966,300,-3.1878487467147827,55.94495513711853,null
57,-3.1878487467147827,55.94495513711853,300,-3.1876987467147826,55.94469532949739,null
58,-3.1876987467147826,55.94469532949739,125,-3.187870819645688,55.94494107511068,null
59,-3.187870819645688,55.94494107511068,115,-3.18799760512421,55.945212967446786,null
60,-3.18799760512421,55.945212967446786,300,-3.18784760512421,55.94495315982565,null
61,-3.18784760512421,55.94495315982565,300,-3.18769760512421,55.94469335220452,null
62,-3.18769760512421,55.94469335220452,125,-3.1878696780551152,55.9449390978178,null
63,-3.1878696780551152,55.9449390978178,115,-3.1879964635336373,55.94521099015391,null
64,-3.1879964635336373,55.94521099015391,300,-3.187846463533637,55.944951182532776,null
65,-3.187846463533637,55.944951182532776,300,-3.187696463533637,55.94469137491164,null
66,-3.187696463533637,55.94469137491164,125,-3.1878685364645425,55.944937120524926,null
67,-3.1878685364645425,55.944937120524926,115,-3.1879953219430646,55.945209012861035,null
68,-3.1879953219430646,55.945209012861035,300,-3.1878453219430645,55.9449492052399,null
69,-3.1878453219430645,55.9449492052399,300,-3.1876953219430644,55.94468939761877,null
70,-3.1876953219430644,55.94468939761877,125,-3.1878673948739698,55.94493514323205,null
71,-3.1878673948739698,55.94493514323205,115,-3.187994180352492,55.94520703556816,null
72,-3.187994180352492,55.94520703556816,300,-3.1878441803524917,55.944947227947026,null
73,-3.1878441803524917,55.944947227947026,300,-3.1876941803524916,55.94468742032589,null
74,-3.1876941803524916,55.94468742032589,125,-3.187866253283397,55.944933165939176,null
75,-3.187866253283397,55.944933165939176,115,-3.187993038761919,55.945205058275285,null
76,-3.187993038761919,55.945205058275285,300,-3.187843038761919,55.94494525065415,null
77,-3.187843038761919,55.94494525065415,300,-3.187693038761919,55.944685443033016,null
78,-3.187693038761919,55.944685443033016,125,-3.1878651116928243,55.9449311886463,null
79,-3.1878651116928243,55.9449311886463,115,-3.1879918971713463,55.94520308098241,null
80,-3.1879918971713463,55.94520308098241,300,-3.1878418971713463,55.944943273361275,null
81,-3.1878418971713463,55.944943273361275,300,-3.187691897171346,55.94468346574014,null
82,-3.187691897171346,55.94468346574014,125,-3.1878639701022515,55.944929211353426,null
83,-3.1878639701022515,55.944929211353426,115,-3.1879907555807736,55.945201103689534,null
84,-3.1879907555807736,55.945201103689534,300,-3.1878407555807735,55.9449412960684,null
85,-3.1878407555807735,55.9449412960684,300,-3.1876907555807734,55.944681488447266,null
86,-3.1876907555807734,55.944681488447266,125,-3.187862828511679,55.94492723406055,null
87,-3.187862828511679,55.94492723406055,115,-3.187989613990201,55.94519912639666,null
88,-3.187989613990201,55.94519912639666,300,-3.1878396139902008,55.944939318775525,null
89,-3.1878396139902008,55.944939318775525,300,-3.1876896139902007,55.94467951115439,null
90,-3.1876896139902007,55.94467951115439,125,-3.187861686921106,55.944925256767675,null
91,-3.187861686921106,55.944925256767675,115,-3.187988472399628,55.945197149103784,null
92,-3.187988472399628,55.945197149103784,300,-3.187838472399628,55.94493734148265,null
93,-3.187838472399628,55.94493734148265,300,-3.187688472399628,55.944677533861515,null
94,-3.187688472399628,55.944677533861515,125,-3.1878605453305333,55.9449232794748,null
95,-3.1878605453305333,55.9449232794748,115,-3.1879873308090554,55.94519517181091,null
96,-3.1879873308090554,55.94519517181091,300,-3.1878373308090553,55.944935364189774,null
97,-3.1878373308090553,55.944935364189774,300,-3.187687330809055,55.94467555656864,null
98,-3.187687330809055,55.94467555656864,125,-3.1878594037399606,55.944921302181925,null
99,-3.1878594037399606,55.944921302181925,115,-3.1879861892184826,55.94519319451803,null
100,-3.1879861892184826,55.94519319451803,300,-3.1878361892184826,55.9449333868969,null
101,-3.1878361892184826,55.9449333868969,300,-3.1876861892184825,55.944673579275765,null
102,-3.1876861892184825,55.944673579275765,125,-3.187858262149388,55.94491932488905,null
103,-3.187858262149388,55.94491932488905,115,-3.18798504762791,55.94519121722516,null
104,-3.18798504762791,55.94519121722516,300,-3.18783504762791,55.944931409604024,null
105,-3.18783504762791,55.944931409604024,300,-3.1876850476279097,55.94467160198289,null
106,-3.1876850476279097,55.94467160198289,125,-3.187857120558815,55.944917347596174,null
107,-3.187857120558815,55.944917347596174,115,-3.187983906037337,55.94518923993228,null
108,-3.187983906037337,55.94518923993228,300,-3.187833906037337,55.94492943231115,null
109,-3.187833906037337,55.94492943231115,300,-3.187683906037337,55.944669624690015,null
110,-3.187683906037337,55.944669624690015,125,-3.1878559789682424,55.9449153703033,null
111,-3.1878559789682424,55.9449153703033,115,-3.1879827644467644,55.94518726263941,null
112,-3.1879827644467644,55.94518726263941,300,-3.1878327644467643,55.944927455018274,null
113,-3.1878327644467643,55.944927455018274,300,-3.1876827644467642,55.94466764739714,null
114,-3.1876827644467642,55.94466764739714,125,-3.1878548373776696,55.944913393010424,null
115,-3.1878548373776696,55.944913393010424,115,-3.1879816228561917,55.94518528534653,null
116,-3.1879816228561917,55.94518528534653,300,-3.1878316228561916,55.9449254777254,null
117,-3.1878316228561916,55.9449254777254,300,-3.1876816228561915,55.944665670104264,null
118,-3.1876816228561915,55.944665670104264,125,-3.187853695787097,55.94491141571755,null
119,-3.187853695787097,55.94491141571755,115,-3.187980481265619,55.94518330805366,null
120,-3.187980481265619,55.94518330805366,300,-3.187830481265619,55.94492350043252,null
121,-3.187830481265619,55.94492350043252,300,-3.1876804812656188,55.94466369281139,null
122,-3.1876804812656188,55.94466369281139,125,-3.187852554196524,55.94490943842467,null
123,-3.187852554196524,55.94490943842467,115,-3.187979339675046,55.94518133076078,null
124,-3.187979339675046,55.94518133076078,300,-3.187829339675046,55.94492152313965,null
125,-3.187829339675046,55.94492152313965,300,-3.187679339675046,55.944661715518514,null
126,-3.187679339675046,55.944661715518514,125,-3.1878514126059514,55.9449074611318,null
127,-3.1878514126059514,55.9449074611318,115,-3.1879781980844735,55.94517935346791,null
128,-3.1879781980844735,55.94517935346791,300,-3.1878281980844734,55.94491954584677,null
129,-3.1878281980844734,55.94491954584677,300,-3.1876781980844733,55.94465973822564,null
130,-3.1876781980844733,55.94465973822564,125,-3.1878502710153787,55.94490548383892,null
131,-3.1878502710153787,55.94490548383892,115,-3.1879770564939007,55.94517737617503,null
132,-3.1879770564939007,55.94517737617503,300,-3.1878270564939006,55.9449175685539,null
133,-3.1878270564939006,55.9449175685539,300,-3.1876770564939005,55.94465776093276,null
134,-3.1876770564939005,55.94465776093276,125,-3.187849129424806,55.94490350654605,null
135,-3.187849129424806,55.94490350654605,115,-3.187975914903328,55.94517539888216,null
136,-3.187975914903328,55.94517539888216,300,-3.187825914903328,55.94491559126102,null
137,-3.187825914903328,55.94491559126102,300,-3.187675914903328,55.94465578363989,null
138,-3.187675914903328,55.94465578363989,125,-3.187847987834233,55.94490152925317,null
139,-3.187847987834233,55.94490152925317,115,-3.1879747733127553,55.94517342158928,null
140,-3.1879747733127553,55.94517342158928,300,-3.187824773312755,55.94491361396815,null
141,-3.187824773312755,55.94491361396815,300,-3.187674773312755,55.94465380634701,null
142,-3.187674773312755,55.94465380634701,125,-3.1878468462436604,55.9448995519603,null
143,-3.1878468462436604,55.9448995519603,115,-3.1879736317221825,55.945171444296406,null
144,-3.1879736317221825,55.945171444296406,300,-3.1878236317221824,55.94491163667527,null
145,-3.1878236317221824,55.94491163667527,300,-3.1876736317221823,55.94465182905414,null
146,-3.1876736317221823,55.94465182905414,125,-3.1878457046530877,55.94489757466742,null
147,-3.1878457046530877,55.94489757466742,115,-3.1879724901316098,55.94516946700353,null
148,-3.1879724901316098,55.94516946700353,300,-3.1878224901316097,55.9449096593824,null
149,-3.1878224901316097,55.9449096593824,300,-3.1876724901316096,55.94464985176126,null
150,-3.1876724901316096,55.94464985176126,125,-3.187844563062515,55.94489559737455,null
151,-3.187844563062515,55.94489559737455,115,-3.187971348541037,55.945167489710656,null
152,-3.187971348541037,55.945167489710656,300,-3.187821348541037,55.94490768208952,null
153,-3.187821348541037,55.94490768208952,300,-3.187671348541037,55.94464787446839,null
154,-3.187671348541037,55.94464787446839,125,-3.187843421471942,55.94489362008167,null
155,-3.187843421471942,55.94489362008167,115,-3.1879702069504643,55.94516551241778,null
156,-3.1879702069504643,55.94516551241778,300,-3.187820206950464,55.944905704796646,null
157,-3.187820206950464,55.944905704796646,300,-3.187670206950464,55.94464589717551,null
158,-3.187670206950464,55.94464589717551,125,-3.1878422798813695,55.9448916427888,null
159,-3.1878422798813695,55.9448916427888,115,-3.1879690653598916,55.945163535124905,null
160,-3.1879690653598916,55.945163535124905,300,-3.1878190653598915,55.94490372750377,null
161,-3.1878190653598915,55.94490372750377,300,-3.1876690653598914,55.94464391988264,null
162,-3.1876690653598914,55.94464391988264,125,-3.1878411382907967,55.94488966549592,null
163,-3.1878411382907967,55.94488966549592,115,-3.187967923769319,55.94516155783203,null
164,-3.187967923769319,55.94516155783203,300,-3.1878179237693187,55.944901750210896,null
165,-3.1878179237693187,55.944901750210896,300,-3.1876679237693186,55.94464194258976,null
166,-3.1876679237693186,55.94464194258976,125,-3.187839996700224,55.944887688203046,null
167,-3.187839996700224,55.944887688203046,115,-3.187966782178746,55.945159580539155,null
168,-3.187966782178746,55.945159580539155,300,-3.187816782178746,55.94489977291802,null
169,-3.187816782178746,55.94489977291802,300,-3.187666782178746,55.944639965296886,null
170,-3.187666782178746,55.944639965296886,125,-3.1878388551096513,55.94488571091017,null
171,-3.1878388551096513,55.94488571091017,115,-3.1879656405881733,55.94515760324628,null
172,-3.1879656405881733,55.94515760324628,300,-3.1878156405881732,55.944897795625145,null
173,-3.1878156405881732,55.944897795625145,300,-3.187665640588173,55.94463798800401,null
174,-3.187665640588173,55.94463798800401,125,-3.1878377135190785,55.944883733617296,null
175,-3.1878377135190785,55.944883733617296,115,-3.1879644989976006,55.945155625953404,null
176,-3.1879644989976006,55.945155625953404,300,-3.1878144989976005,55.94489581833227,null
177,-3.1878144989976005,55.94489581833227,300,-3.1876644989976004,55.944636010711136,null
178,-3.1876644989976004,55.944636010711136,125,-3.187836571928506,55.94488175632442,null
179,-3.187836571928506,55.94488175632442,115,-3.187963357407028,55.94515364866053,null
180,-3.187963357407028,55.94515364866053,300,-3.1878133574070278,55.944893841039395,null
181,-3.1878133574070278,55.944893841039395,300,-3.1876633574070277,55.94463403341826,null
182,-3.1876633574070277,55.94463403341826,125,-3.187835430337933,55.944879779031545,null
183,-3.187835430337933,55.944879779031545,115,-3.187962215816455,55.945151671367654,null
184,-3.187962215816455,55.945151671367654,300,-3.187812215816455,55.94489186374652,null
185,-3.187812215816455,55.94489186374652,300,-3.187662215816455,55.944632056125386,null
186,-3.187662215816455,55.944632056125386,125,-3.1878342887473603,55.94487780173867,null
187,-3.1878342887473603,55.94487780173867,115,-3.1879610742258824,55.94514969407478,null
188,-3.1879610742258824,55.94514969407478,300,-3.1878110742258823,55.944889886453645,null
189,-3.1878110742258823,55.944889886453645,300,-3.187661074225882,55.94463007883251,null
190,-3.187661074225882,55.94463007883251,125,-3.1878331471567876,55.944875824445795,null
191,-3.1878331471567876,55.944875824445795,115,-3.1879599326353096,55.945147716781904,null
192,-3.1879599326353096,55.945147716781904,300,-3.1878099326353095,55.94488790916077,null
193,-3.1878099326353095,55.94488790916077,300,-3.1876599326353094,55.944628101539635,null
194,-3.1876599326353094,55.944628101539635,125,-3.187832005566215,55.94487384715292,null
195,-3.187832005566215,55.94487384715292,115,-3.187958791044737,55.94514573948903,null
196,-3.187958791044737,55.94514573948903,300,-3.187808791044737,55.944885931867894,null
197,-3.187808791044737,55.944885931867894,300,-3.1876587910447367,55.94462612424676,null
198,-3.1876587910447367,55.94462612424676,125,-3.187830863975642,55.944871869860044,null
199,-3.187830863975642,55.944871869860044,115,-3.187957649454164,55.94514376219615,null
200,-3.187957649454164,55.94514376219615,300,-3.187807649454164,55.94488395457502,null
201,-3.187807649454164,55.94488395457502,300,-3.187657649454164,55.944624146953885,null
202,-3.187657649454164,55.944624146953885,125,-3.1878297223850693,55.94486989256717,null
203,-3.1878297223850693,55.94486989256717,115,-3.1879565078635914,55.94514178490328,null
204,-3.1879565078635914,55.94514178490328,300,-3.1878065078635913,55.944881977282144,null
205,-3.1878065078635913,55.944881977282144,300,-3.1876565078635912,55.94462216966101,null
206,-3.1876565078635912,55.94462216966101,125,-3.1878285807944966,55.944867915274294,null
207,-3.1878285807944966,55.944867915274294,115,-3.1879553662730187,55.9451398076104,null
208,-3.1879553662730187,55.9451398076104,300,-3.1878053662730186,55.94487999998927,null
209,-3.1878053662730186,55.94487999998927,300,-3.1876553662730185,55.944620192368134,null
210,-3.1876553662730185,55.944620192368134,125,-3.187827439203924,55.94486593798142,null
211,-3.187827439203924,55.94486593798142,115,-3.187954224682446,55.94513783031753,null
212,-3.187954224682446,55.94513783031753,300,-3.187804224682446,55.94487802269639,null
213,-3.187804224682446,55.94487802269639,300,-3.1876542246824457,55.94461821507526,null
214,-3.1876542246824457,55.94461821507526,125,-3.187826297613351,55.944863960688544,null
215,-3.187826297613351,55.944863960688544,115,-3.187953083091873,55.94513585302465,null
216,-3.187953083091873,55.94513585302465,300,-3.187803083091873,55.94487604540352,null
217,-3.187803083091873,55.94487604540352,300,-3.187653083091873,55.944616237782384,null
218,-3.187653083091873,55.944616237782384,125,-3.1878251560227784,55.94486198339567,null
219,-3.1878251560227784,55.94486198339567,115,-3.1879519415013005,55.94513387573178,null
220,-3.1879519415013005,55.94513387573178,300,-3.1878019415013004,55.94487406811064,null
221,-3.1878019415013004,55.94487406811064,300,-3.1876519415013003,55.94461426048951,null
222,-3.1876519415013003,55.94461426048951,125,-3.1878240144322056,55.94486000610279,null
223,-3.1878240144322056,55.94486000610279,115,-3.1879507999107277,55.9451318984389,null
224,-3.1879507999107277,55.9451318984389,300,-3.1878007999107276,55.94487209081777,null
225,-3.1878007999107276,55.94487209081777,300,-3.1876507999107275,55.94461228319663,null
226,-3.1876507999107275,55.94461228319663,125,-3.187822872841633,55.94485802880992,null
227,-3.187822872841633,55.94485802880992,115,-3.187949658320155,55.94512992114603,null
228,-3.187949658320155,55.94512992114603,300,-3.187799658320155,55.94487011352489,null
229,-3.187799658320155,55.94487011352489,300,-3.187649658320155,55.94461030590376,null
230,-3.187649658320155,55.94461030590376,125,-3.18782173125106,55.94485605151704,null
231,-3.18782173125106,55.94485605151704,115,-3.1879485167295822,55.94512794385315,null
232,-3.1879485167295822,55.94512794385315,300,-3.187798516729582,55.94486813623202,null
233,-3.187798516729582,55.94486813623202,300,-3.187648516729582,55.94460832861088,null
234,-3.187648516729582,55.94460832861088,125,-3.1878205896604874,55.94485407422417,null
235,-3.1878205896604874,55.94485407422417,115,-3.1879473751390095,55.945125966560276,null
236,-3.1879473751390095,55.945125966560276,300,-3.1877973751390094,55.94486615893914,null
237,-3.1877973751390094,55.94486615893914,300,-3.1876473751390093,55.94460635131801,null
238,-3.1876473751390093,55.94460635131801,125,-3.1878194480699147,55.94485209693129,null
239,-3.1878194480699147,55.94485209693129,115,-3.1879462335484368,55.9451239892674,null
240,-3.1879462335484368,55.9451239892674,300,-3.1877962335484367,55.94486418164627,null
241,-3.1877962335484367,55.94486418164627,300,-3.1876462335484366,55.94460437402513,null
242,-3.1876462335484366,55.94460437402513,125,-3.187818306479342,55.94485011963842,null
243,-3.187818306479342,55.94485011963842,115,-3.187945091957864,55.945122011974526,null
244,-3.187945091957864,55.945122011974526,300,-3.187795091957864,55.94486220435339,null
245,-3.187795091957864,55.94486220435339,300,-3.187645091957864,55.94460239673226,null
246,-3.187645091957864,55.94460239673226,125,-3.187817164888769,55.94484814234554,null
247,-3.187817164888769,55.94484814234554,115,-3.1879439503672913,55.94512003468165,null
248,-3.1879439503672913,55.94512003468165,300,-3.187793950367291,55.944860227060516,null
249,-3.187793950367291,55.944860227060516,300,-3.187643950367291,55.94460041943938,null
250,-3.187643950367291,55.94460041943938,125,-3.1878160232981965,55.94484616505267,null
251,-3.1878160232981965,55.94484616505267,115,-3.1879428087767185,55.945118057388775,null
252,-3.1879428087767185,55.945118057388775,300,-3.1877928087767184,55.94485824976764,null
253,-3.1877928087767184,55.94485824976764,300,-3.1876428087767184,55.94459844214651,null
254,-3.1876428087767184,55.94459844214651,125,-3.1878148817076237,55.94484418775979,null
255,-3.1878148817076237,55.94484418775979,115,-3.187941667186146,55.9451160800959,null
256,-3.187941667186146,55.9451160800959,300,-3.1877916671861457,55.944856272474766,null
257,-3.1877916671861457,55.944856272474766,300,-3.1876416671861456,55.94459646485363,null
258,-3.1876416671861456,55.94459646485363,125,-3.187813740117051,55.944842210466916,null
259,-3.187813740117051,55.944842210466916,115,-3.187940525595573,55.945114102803025,null
260,-3.187940525595573,55.945114102803025,300,-3.187790525595573,55.94485429518189,null
261,-3.187790525595573,55.94485429518189,300,-3.187640525595573,55.94459448756076,null
262,-3.187640525595573,55.94459448756076,125,-3.1878125985264782,55.94484023317404,null
263,-3.1878125985264782,55.94484023317404,115,-3.1879393840050003,55.94511212551015,null
264,-3.1879393840050003,55.94511212551015,300,-3.1877893840050002,55.944852317889016,null
265,-3.1877893840050002,55.944852317889016,300,-3.187639384005,55.94459251026788,null
266,-3.187639384005,55.94459251026788,125,-3.1878114569359055,55.944838255881166,null
267,-3.1878114569359055,55.944838255881166,115,-3.1879382424144276,55.945110148217275,null
268,-3.1879382424144276,55.945110148217275,300,-3.1877882424144275,55.94485034059614,null
269,-3.1877882424144275,55.94485034059614,300,-3.1876382424144274,55.944590532975006,null
270,-3.1876382424144274,55.944590532975006,125,-3.1878103153453328,55.94483627858829,null
271,-3.1878103153453328,55.94483627858829,115,-3.187937100823855,55.9451081709244,null
272,-3.187937100823855,55.9451081709244,300,-3.1877871008238547,55.944848363303265,null
273,-3.1877871008238547,55.944848363303265,300,-3.1876371008238547,55.94458855568213,null
274,-3.1876371008238547,55.94458855568213,125,-3.18780917375476,55.944834301295415,null
275,-3.18780917375476,55.944834301295415,115,-3.187935959233282,55.945106193631524,null
276,-3.187935959233282,55.945106193631524,300,-3.187785959233282,55.94484638601039,null
277,-3.187785959233282,55.94484638601039,300,-3.187635959233282,55.944586578389256,null
278,-3.187635959233282,55.944586578389256,125,-3.1878080321641873,55.94483232400254,null
279,-3.1878080321641873,55.94483232400254,115,-3.1879348176427094,55.94510421633865,null
280,-3.1879348176427094,55.94510421633865,300,-3.1877848176427093,55.944844408717515,null
281,-3.1877848176427093,55.944844408717515,300,-3.187634817642709,55.94458460109638,null
282,-3.187634817642709,55.94458460109638,125,-3.1878068905736145,55.944830346709665,null
283,-3.1878068905736145,55.944830346709665,115,-3.1879336760521366,55.945102239045774,null
284,-3.1879336760521366,55.945102239045774,300,-3.1877836760521365,55.94484243142464,null
285,-3.1877836760521365,55.94484243142464,300,-3.1876336760521364,55.944582623803505,null
286,-3.1876336760521364,55.944582623803505,0,-3.1873336760521362,55.944582623803505,null
287,-3.1873336760521362,55.944582623803505,10,-3.1870382337262324,55.94463471825681,null
288,-3.1870382337262324,55.94463471825681,20,-3.1867563259399967,55.94473732429981,null
289,-3.1867563259399967,55.94473732429981,135,-3.1869684579743525,55.944949456334164,null
290,-3.1869684579743525,55.944949456334164,320,-3.1867386446414168,55.94475662005126,null
291,-3.1867386446414168,55.94475662005126,145,-3.1869843902547035,55.94492869298217,null
292,-3.1869843902547035,55.94492869298217,330,-3.186724582633568,55.94477869298217,null
293,-3.186724582633568,55.94477869298217,155,-3.186996474969679,55.94490547846069,null
294,-3.186996474969679,55.94490547846069,330,-3.1867366673485433,55.94475547846069,null
295,-3.1867366673485433,55.94475547846069,145,-3.18698241296183,55.9449275513916,null
296,-3.18698241296183,55.9449275513916,330,-3.1867226053406945,55.9447775513916,null
297,-3.1867226053406945,55.9447775513916,155,-3.1869944976768054,55.944904336870124,null
298,-3.1869944976768054,55.944904336870124,330,-3.18673469005567,55.944754336870126,null
299,-3.18673469005567,55.944754336870126,145,-3.1869804356689566,55.944926409801035,null
300,-3.1869804356689566,55.944926409801035,330,-3.186720628047821,55.94477640980104,null
301,-3.186720628047821,55.94477640980104,155,-3.186992520383932,55.94490319527956,null
302,-3.186992520383932,55.94490319527956,330,-3.1867327127627965,55.94475319527956,null
303,-3.1867327127627965,55.94475319527956,145,-3.186978458376083,55.94492526821047,null
304,-3.186978458376083,55.94492526821047,330,-3.1867186507549476,55.94477526821047,null
305,-3.1867186507549476,55.94477526821047,155,-3.1869905430910586,55.94490205368899,null
306,-3.1869905430910586,55.94490205368899,330,-3.186730735469923,55.944752053688994,null
307,-3.186730735469923,55.944752053688994,145,-3.1869764810832097,55.9449241266199,null
308,-3.1869764810832097,55.9449241266199,330,-3.186716673462074,55.944774126619905,null
309,-3.186716673462074,55.944774126619905,155,-3.186988565798185,55.944900912098426,null
310,-3.186988565798185,55.944900912098426,330,-3.1867287581770496,55.94475091209843,null
311,-3.1867287581770496,55.94475091209843,145,-3.1869745037903363,55.944922985029336,null
312,-3.1869745037903363,55.944922985029336,330,-3.1867146961692008,55.94477298502934,null
313,-3.1867146961692008,55.94477298502934,155,-3.1869865885053117,55.94489977050786,null
314,-3.1869865885053117,55.94489977050786,330,-3.186726780884176,55.94474977050786,null
315,-3.186726780884176,55.94474977050786,145,-3.186972526497463,55.94492184343877,null
316,-3.186972526497463,55.94492184343877,330,-3.1867127188763273,55.94477184343877,null
317,-3.1867127188763273,55.94477184343877,155,-3.1869846112124383,55.944898628917294,null
318,-3.1869846112124383,55.944898628917294,330,-3.1867248035913027,55.944748628917296,null
319,-3.1867248035913027,55.944748628917296,145,-3.1869705492045894,55.944920701848204,null
320,-3.1869705492045894,55.944920701848204,330,-3.186710741583454,55.944770701848206,null
321,-3.186710741583454,55.944770701848206,155,-3.186982633919565,55.94489748732673,null
322,-3.186982633919565,55.94489748732673,330,-3.1867228262984293,55.94474748732673,null
323,-3.1867228262984293,55.94474748732673,135,-3.186934958332785,55.944959619361086,null
324,-3.186934958332785,55.944959619361086,310,-3.1867421220498793,55.94472980602815,null
325,-3.1867421220498793,55.94472980602815,135,-3.186954254084235,55.944941938062506,null
326,-3.186954254084235,55.944941938062506,320,-3.1867244407512993,55.9447491017796,null
327,-3.1867244407512993,55.9447491017796,145,-3.186970186364586,55.94492117471051,null
328,-3.186970186364586,55.94492117471051,330,-3.1867103787434505,55.94477117471051,null
329,-3.1867103787434505,55.94477117471051,155,-3.1869822710795614,55.94489796018903,null
330,-3.1869822710795614,55.94489796018903,330,-3.186722463458426,55.944747960189034,null
331,-3.186722463458426,55.944747960189034,135,-3.1869345954927817,55.94496009222339,null
332,-3.1869345954927817,55.94496009222339,310,-3.186741759209876,55.944730278890454,null
333,-3.186741759209876,55.944730278890454,135,-3.1869538912442317,55.94494241092481,null
334,-3.1869538912442317,55.94494241092481,320,-3.186724077911296,55.944749574641904,null
335,-3.186724077911296,55.944749574641904,145,-3.1869698235245827,55.94492164757281,null
336,-3.1869698235245827,55.94492164757281,330,-3.186710015903447,55.944771647572814,null
337,-3.186710015903447,55.944771647572814,155,-3.186981908239558,55.944898433051335,null
338,-3.186981908239558,55.944898433051335,330,-3.1867221006184225,55.94474843305134,null
339,-3.1867221006184225,55.94474843305134,145,-3.1869678462317093,55.944920505982246,null
340,-3.1869678462317093,55.944920505982246,330,-3.1867080386105737,55.94477050598225,null
341,-3.1867080386105737,55.94477050598225,155,-3.1869799309466846,55.94489729146077,null
342,-3.1869799309466846,55.94489729146077,330,-3.186720123325549,55.94474729146077,null
343,-3.186720123325549,55.94474729146077,135,-3.186932255359905,55.94495942349513,null
344,-3.186932255359905,55.94495942349513,310,-3.186739419076999,55.94472961016219,null
345,-3.186739419076999,55.94472961016219,135,-3.186951551111355,55.94494174219655,null
346,-3.186951551111355,55.94494174219655,320,-3.186721737778419,55.94474890591364,null
347,-3.186721737778419,55.94474890591364,145,-3.186967483391706,55.94492097884455,null
348,-3.186967483391706,55.94492097884455,330,-3.1867076757705703,55.94477097884455,null
349,-3.1867076757705703,55.94477097884455,155,-3.1869795681066813,55.94489776432307,null
350,-3.1869795681066813,55.94489776432307,330,-3.1867197604855457,55.944747764323076,null
351,-3.1867197604855457,55.944747764323076,135,-3.1869318925199015,55.94495989635743,null
352,-3.1869318925199015,55.94495989635743,310,-3.1867390562369957,55.944730083024496,null
353,-3.1867390562369957,55.944730083024496,135,-3.1869511882713515,55.94494221505885,null
354,-3.1869511882713515,55.94494221505885,320,-3.186721374938416,55.944749378775946,null
355,-3.186721374938416,55.944749378775946,145,-3.1869671205517025,55.944921451706854,null
356,-3.1869671205517025,55.944921451706854,330,-3.186707312930567,55.944771451706856,null
357,-3.186707312930567,55.944771451706856,155,-3.186979205266678,55.94489823718538,null
358,-3.186979205266678,55.94489823718538,330,-3.1867193976455424,55.94474823718538,null
359,-3.1867193976455424,55.94474823718538,135,-3.186931529679898,55.944960369219736,null
360,-3.186931529679898,55.944960369219736,310,-3.1867386933969923,55.9447305558868,null
361,-3.1867386933969923,55.9447305558868,135,-3.186950825431348,55.944942687921156,null
362,-3.186950825431348,55.944942687921156,320,-3.1867210120984124,55.94474985163825,null
363,-3.1867210120984124,55.94474985163825,145,-3.186966757711699,55.94492192456916,null
364,-3.186966757711699,55.94492192456916,330,-3.1867069500905636,55.94477192456916,null
365,-3.1867069500905636,55.94477192456916,155,-3.1869788424266745,55.94489871004768,null
366,-3.1869788424266745,55.94489871004768,330,-3.186719034805539,55.94474871004768,null
367,-3.186719034805539,55.94474871004768,145,-3.1869647804188257,55.94492078297859,null
368,-3.1869647804188257,55.94492078297859,330,-3.18670497279769,55.944770782978594,null
369,-3.18670497279769,55.944770782978594,155,-3.186976865133801,55.944897568457115,null
370,-3.186976865133801,55.944897568457115,330,-3.1867170575126655,55.94474756845712,null
371,-3.1867170575126655,55.94474756845712,135,-3.1869291895470213,55.944959700491474,null
372,-3.1869291895470213,55.944959700491474,310,-3.1867363532641155,55.94472988715854,null
373,-3.1867363532641155,55.94472988715854,135,-3.1869484852984713,55.944942019192894,null
374,-3.1869484852984713,55.944942019192894,320,-3.1867186719655356,55.94474918290999,null
375,-3.1867186719655356,55.94474918290999,145,-3.1869644175788223,55.944921255840896,null
376,-3.1869644175788223,55.944921255840896,330,-3.186704609957687,55.9447712558409,null
377,-3.186704609957687,55.9447712558409,155,-3.1869765022937977,55.94489804131942,null
378,-3.1869765022937977,55.94489804131942,330,-3.186716694672662,55.94474804131942,null
379,-3.186716694672662,55.94474804131942,135,-3.186928826707018,55.94496017335378,null
380,-3.186928826707018,55.94496017335378,310,-3.186735990424112,55.94473036002084,null
381,-3.186735990424112,55.94473036002084,135,-3.186948122458468,55.9449424920552,null
382,-3.186948122458468,55.9449424920552,320,-3.1867183091255322,55.94474965577229,null
383,-3.1867183091255322,55.94474965577229,145,-3.186964054738819,55.9449217287032,null
384,-3.186964054738819,55.9449217287032,320,-3.1867342414058832,55.944728892420294,null
385,-3.1867342414058832,55.944728892420294,135,-3.186946373440239,55.94494102445465,null
386,-3.186946373440239,55.94494102445465,320,-3.1867165601073033,55.944748188171744,null
387,-3.1867165601073033,55.944748188171744,135,-3.186928692141659,55.9449603202061,null
388,-3.186928692141659,55.9449603202061,310,-3.1867358558587533,55.944730506873164,null
389,-3.1867358558587533,55.944730506873164,135,-3.186947987893109,55.94494263890752,null
390,-3.186947987893109,55.94494263890752,320,-3.1867181745601734,55.944749802624614,null
391,-3.1867181745601734,55.944749802624614,145,-3.18696392017346,55.94492187555552,null
392,-3.18696392017346,55.94492187555552,320,-3.1867341068405244,55.944729039272616,null
393,-3.1867341068405244,55.944729039272616,135,-3.18694623887488,55.94494117130697,null
394,-3.18694623887488,55.94494117130697,320,-3.1867164255419445,55.944748335024066,null
395,-3.1867164255419445,55.944748335024066,135,-3.1869285575763002,55.94496046705842,null
396,-3.1869285575763002,55.94496046705842,310,-3.1867357212933944,55.944730653725486,null
397,-3.1867357212933944,55.944730653725486,135,-3.18694785332775,55.94494278575984,null
398,-3.18694785332775,55.94494278575984,320,-3.1867180399948145,55.944749949476936,null
399,-3.1867180399948145,55.944749949476936,145,-3.1869637856081012,55.944922022407845,null
400,-3.1869637856081012,55.944922022407845,320,-3.1867339722751655,55.94472918612494,null
401,-3.1867339722751655,55.94472918612494,135,-3.1869461043095213,55.944941318159294,null
402,-3.1869461043095213,55.944941318159294,320,-3.1867162909765856,55.94474848187639,null
403,-3.1867162909765856,55.94474848187639,135,-3.1869284230109414,55.944960613910744,null
404,-3.1869284230109414,55.944960613910744,310,-3.1867355867280356,55.94473080057781,null
405,-3.1867355867280356,55.94473080057781,135,-3.1869477187623914,55.944942932612165,null
406,-3.1869477187623914,55.944942932612165,320,-3.1867179054294557,55.94475009632926,null
407,-3.1867179054294557,55.94475009632926,145,-3.1869636510427424,55.94492216926017,null
408,-3.1869636510427424,55.94492216926017,320,-3.1867338377098067,55.94472933297726,null
409,-3.1867338377098067,55.94472933297726,135,-3.1869459697441624,55.94494146501162,null
410,-3.1869459697441624,55.94494146501162,320,-3.1867161564112267,55.94474862872871,null
411,-3.1867161564112267,55.94474862872871,135,-3.1869282884455825,55.94496076076307,null
412,-3.1869282884455825,55.94496076076307,310,-3.1867354521626767,55.94473094743013,null
413,-3.1867354521626767,55.94473094743013,135,-3.1869475841970325,55.94494307946449,null
414,-3.1869475841970325,55.94494307946449,320,-3.186717770864097,55.94475024318158,null
415,-3.186717770864097,55.94475024318158,145,-3.1869635164773835,55.94492231611249,null
416,-3.1869635164773835,55.94492231611249,320,-3.186733703144448,55.94472947982958,null
417,-3.186733703144448,55.94472947982958,135,-3.1869458351788036,55.94494161186394,null
418,-3.1869458351788036,55.94494161186394,320,-3.186716021845868,55.94474877558103,null
419,-3.186716021845868,55.94474877558103,135,-3.1869281538802237,55.94496090761539,null
420,-3.1869281538802237,55.94496090761539,310,-3.186735317597318,55.94473109428245,null
421,-3.186735317597318,55.94473109428245,135,-3.1869474496316736,55.94494322631681,null
422,-3.1869474496316736,55.94494322631681,320,-3.186717636298738,55.9447503900339,null
423,-3.186717636298738,55.9447503900339,145,-3.1869633819120247,55.94492246296481,null
424,-3.1869633819120247,55.94492246296481,320,-3.186733568579089,55.944729626681905,null
425,-3.186733568579089,55.944729626681905,135,-3.1869457006134447,55.94494175871626,null
426,-3.1869457006134447,55.94494175871626,320,-3.186715887280509,55.944748922433355,null
427,-3.186715887280509,55.944748922433355,135,-3.186928019314865,55.94496105446771,null
428,-3.186928019314865,55.94496105446771,310,-3.186735183031959,55.944731241134775,null
429,-3.186735183031959,55.944731241134775,135,-3.186947315066315,55.94494337316913,null
430,-3.186947315066315,55.94494337316913,320,-3.186717501733379,55.944750536886225,null
431,-3.186717501733379,55.944750536886225,145,-3.186963247346666,55.944922609817134,null
432,-3.186963247346666,55.944922609817134,320,-3.18673343401373,55.94472977353423,null
433,-3.18673343401373,55.94472977353423,135,-3.186945566048086,55.944941905568584,null
434,-3.186945566048086,55.944941905568584,320,-3.18671575271515,55.94474906928568,null
435,-3.18671575271515,55.94474906928568,135,-3.186927884749506,55.944961201320034,null
436,-3.186927884749506,55.944961201320034,310,-3.1867350484666,55.9447313879871,null
437,-3.1867350484666,55.9447313879871,135,-3.186947180500956,55.944943520021454,null
438,-3.186947180500956,55.944943520021454,320,-3.1867173671680202,55.94475068373855,null
439,-3.1867173671680202,55.94475068373855,145,-3.186963112781307,55.944922756669456,null
440,-3.186963112781307,55.944922756669456,320,-3.1867332994483712,55.94472992038655,null
441,-3.1867332994483712,55.94472992038655,135,-3.186945431482727,55.944942052420906,null
442,-3.186945431482727,55.944942052420906,320,-3.1867156181497913,55.944749216138,null
443,-3.1867156181497913,55.944749216138,135,-3.186927750184147,55.944961348172356,null
444,-3.186927750184147,55.944961348172356,310,-3.1867349139012413,55.94473153483942,null
445,-3.1867349139012413,55.94473153483942,135,-3.186947045935597,55.944943666873776,null
446,-3.186947045935597,55.944943666873776,320,-3.1867172326026614,55.94475083059087,null
447,-3.1867172326026614,55.94475083059087,145,-3.186962978215948,55.94492290352178,null
448,-3.186962978215948,55.94492290352178,320,-3.1867331648830124,55.94473006723887,null
449,-3.1867331648830124,55.94473006723887,135,-3.186945296917368,55.94494219927323,null
450,-3.186945296917368,55.94494219927323,320,-3.1867154835844325,55.94474936299032,null
451,-3.1867154835844325,55.94474936299032,145,-3.186961229197719,55.94492143592123,null
452,-3.186961229197719,55.94492143592123,320,-3.1867314158647835,55.944728599638324,null
453,-3.1867314158647835,55.944728599638324,135,-3.1869435478991393,55.94494073167268,null
454,-3.1869435478991393,55.94494073167268,320,-3.1867137345662035,55.944747895389774,null
455,-3.1867137345662035,55.944747895389774,135,-3.1869258666005593,55.94496002742413,null
456,-3.1869258666005593,55.94496002742413,310,-3.1867330303176535,55.944730214091194,null
457,-3.1867330303176535,55.944730214091194,135,-3.1869451623520093,55.94494234612555,null
458,-3.1869451623520093,55.94494234612555,320,-3.1867153490190736,55.944749509842644,null
459,-3.1867153490190736,55.944749509842644,145,-3.1869610946323603,55.94492158277355,null
460,-3.1869610946323603,55.94492158277355,320,-3.1867312812994246,55.94472874649065,null
461,-3.1867312812994246,55.94472874649065,135,-3.1869434133337804,55.944940878525,null
462,-3.1869434133337804,55.944940878525,320,-3.1867136000008447,55.9447480422421,null
463,-3.1867136000008447,55.9447480422421,135,-3.1869257320352005,55.94496017427645,null
464,-3.1869257320352005,55.94496017427645,310,-3.1867328957522947,55.94473036094352,null
465,-3.1867328957522947,55.94473036094352,135,-3.1869450277866505,55.94494249297787,null
466,-3.1869450277866505,55.94494249297787,320,-3.1867152144537148,55.94474965669497,null
467,-3.1867152144537148,55.94474965669497,145,-3.1869609600670015,55.944921729625875,null
468,-3.1869609600670015,55.944921729625875,320,-3.1867311467340658,55.94472889334297,null
469,-3.1867311467340658,55.94472889334297,135,-3.1869432787684215,55.944941025377325,null
470,-3.1869432787684215,55.944941025377325,320,-3.186713465435486,55.94474818909442,null
471,-3.186713465435486,55.94474818909442,135,-3.1869255974698416,55.944960321128775,null
472,-3.1869255974698416,55.944960321128775,310,-3.186732761186936,55.94473050779584,null
473,-3.186732761186936,55.94473050779584,135,-3.1869448932212916,55.944942639830195,null
474,-3.1869448932212916,55.944942639830195,320,-3.186715079888356,55.94474980354729,null
475,-3.186715079888356,55.94474980354729,145,-3.1869608255016426,55.9449218764782,null
476,-3.1869608255016426,55.9449218764782,320,-3.186731012168707,55.94472904019529,null
477,-3.186731012168707,55.94472904019529,135,-3.1869431442030627,55.94494117222965,null
478,-3.1869431442030627,55.94494117222965,320,-3.186713330870127,55.94474833594674,null
479,-3.186713330870127,55.94474833594674,145,-3.1869590764834137,55.94492040887765,null
480,-3.1869590764834137,55.94492040887765,320,-3.186729263150478,55.94472757259474,null
481,-3.186729263150478,55.94472757259474,135,-3.1869413951848338,55.9449397046291,null
482,-3.1869413951848338,55.9449397046291,320,-3.186711581851898,55.94474686834619,null
483,-3.186711581851898,55.94474686834619,145,-3.186957327465185,55.9449189412771,null
484,-3.186957327465185,55.9449189412771,320,-3.186727514132249,55.944726104994196,null
485,-3.186727514132249,55.944726104994196,135,-3.186939646166605,55.94493823702855,null
486,-3.186939646166605,55.94493823702855,320,-3.186709832833669,55.944745400745646,null
487,-3.186709832833669,55.944745400745646,145,-3.186955578446956,55.944917473676554,null
488,-3.186955578446956,55.944917473676554,320,-3.18672576511402,55.94472463739365,null
489,-3.18672576511402,55.94472463739365,135,-3.186937897148376,55.944936769428004,null
490,-3.186937897148376,55.944936769428004,320,-3.1867080838154402,55.9447439331451,null
491,-3.1867080838154402,55.9447439331451,145,-3.186953829428727,55.94491600607601,null
492,-3.186953829428727,55.94491600607601,320,-3.1867240160957913,55.9447231697931,null
493,-3.1867240160957913,55.9447231697931,135,-3.186936148130147,55.944935301827456,null
494,-3.186936148130147,55.944935301827456,320,-3.1867063347972113,55.94474246554455,null
495,-3.1867063347972113,55.94474246554455,145,-3.186952080410498,55.94491453847546,null
496,-3.186952080410498,55.94491453847546,330,-3.1866922727893625,55.94476453847546,null
497,-3.1866922727893625,55.94476453847546,155,-3.1869641651254734,55.94489132395398,null
498,-3.1869641651254734,55.94489132395398,330,-3.186704357504338,55.944741323953984,null
499,-3.186704357504338,55.944741323953984,145,-3.1869501031176246,55.94491339688489,null
500,-3.1869501031176246,55.94491339688489,330,-3.186690295496489,55.944763396884895,null
501,-3.186690295496489,55.944763396884895,155,-3.1869621878326,55.944890182363416,null
502,-3.1869621878326,55.944890182363416,330,-3.1867023802114645,55.94474018236342,null
503,-3.1867023802114645,55.94474018236342,145,-3.186948125824751,55.94491225529433,null
504,-3.186948125824751,55.94491225529433,330,-3.1866883182036156,55.94476225529433,null
505,-3.1866883182036156,55.94476225529433,155,-3.1869602105397266,55.94488904077285,null
506,-3.1869602105397266,55.94488904077285,330,-3.186700402918591,55.94473904077285,null
507,-3.186700402918591,55.94473904077285,145,-3.1869461485318777,55.94491111370376,null
508,-3.1869461485318777,55.94491111370376,330,-3.186686340910742,55.94476111370376,null
509,-3.186686340910742,55.94476111370376,155,-3.186958233246853,55.944887899182284,null
510,-3.186958233246853,55.944887899182284,330,-3.1866984256257176,55.944737899182286,null
511,-3.1866984256257176,55.944737899182286,145,-3.1869441712390043,55.944909972113194,null
512,-3.1869441712390043,55.944909972113194,330,-3.1866843636178688,55.9447599721132,null
513,-3.1866843636178688,55.9447599721132,155,-3.1869562559539797,55.94488675759172,null
514,-3.1869562559539797,55.94488675759172,330,-3.186696448332844,55.94473675759172,null
515,-3.186696448332844,55.94473675759172,145,-3.186942193946131,55.94490883052263,null
516,-3.186942193946131,55.94490883052263,330,-3.1866823863249953,55.94475883052263,null
517,-3.1866823863249953,55.94475883052263,155,-3.1869542786611063,55.94488561600115,null
518,-3.1869542786611063,55.94488561600115,330,-3.1866944710399707,55.944735616001154,null
519,-3.1866944710399707,55.944735616001154,145,-3.1869402166532574,55.94490768893206,null
520,-3.1869402166532574,55.94490768893206,330,-3.186680409032122,55.944757688932064,null
521,-3.186680409032122,55.944757688932064,155,-3.186952301368233,55.944884474410586,null
522,-3.186952301368233,55.944884474410586,330,-3.1866924937470973,55.94473447441059,null
523,-3.1866924937470973,55.94473447441059,145,-3.186938239360384,55.944906547341496,null
524,-3.186938239360384,55.944906547341496,330,-3.1866784317392485,55.9447565473415,null
525,-3.1866784317392485,55.9447565473415,155,-3.1869503240753594,55.94488333282002,null
526,-3.1869503240753594,55.94488333282002,330,-3.186690516454224,55.94473333282002,null
527,-3.186690516454224,55.94473333282002,145,-3.1869362620675106,55.94490540575093,null
528,-3.1869362620675106,55.94490540575093,330,-3.186676454446375,55.94475540575093,null
529,-3.186676454446375,55.94475540575093,155,-3.186948346782486,55.94488219122945,null
530,-3.186948346782486,55.94488219122945,330,-3.1866885391613504,55.944732191229456,null
531,-3.1866885391613504,55.944732191229456,145,-3.186934284774637,55.944904264160364,null
532,-3.186934284774637,55.944904264160364,330,-3.1866744771535016,55.944754264160366,null
533,-3.1866744771535016,55.944754264160366,155,-3.1869463694896125,55.94488104963889,null
534,-3.1869463694896125,55.94488104963889,330,-3.186686561868477,55.94473104963889,null
535,-3.186686561868477,55.94473104963889,145,-3.1869323074817637,55.9449031225698,null
536,-3.1869323074817637,55.9449031225698,330,-3.186672499860628,55.9447531225698,null
537,-3.186672499860628,55.9447531225698,155,-3.186944392196739,55.94487990804832,null
538,-3.186944392196739,55.94487990804832,330,-3.1866845845756036,55.94472990804832,null
539,-3.1866845845756036,55.94472990804832,145,-3.1869303301888903,55.94490198097923,null
540,-3.1869303301888903,55.94490198097923,330,-3.1866705225677547,55.944751980979234,null
541,-3.1866705225677547,55.944751980979234,155,-3.1869424149038657,55.944878766457755,null
542,-3.1869424149038657,55.944878766457755,330,-3.18668260728273,55.94472876645776,null
543,-3.18668260728273,55.94472876645776,145,-3.186928352896017,55.944900839388666,null
544,-3.186928352896017,55.944900839388666,330,-3.1866685452748813,55.94475083938867,null
545,-3.1866685452748813,55.94475083938867,155,-3.186940437610992,55.94487762486719,null
546,-3.186940437610992,55.94487762486719,330,-3.1866806299898567,55.94472762486719,null
547,-3.1866806299898567,55.94472762486719,145,-3.1869263756031434,55.9448996977981,null
548,-3.1869263756031434,55.9448996977981,330,-3.186666567982008,55.9447496977981,null
549,-3.186666567982008,55.9447496977981,155,-3.186938460318119,55.94487648327662,null
550,-3.186938460318119,55.94487648327662,330,-3.1866786526969832,55.944726483276625,null
551,-3.1866786526969832,55.944726483276625,145,-3.18692439831027,55.944898556207534,null
552,-3.18692439831027,55.944898556207534,330,-3.1866645906891344,55.944748556207536,null
553,-3.1866645906891344,55.944748556207536,155,-3.1869364830252453,55.94487534168606,null
554,-3.1869364830252453,55.94487534168606,330,-3.18667667540411,55.94472534168606,null
555,-3.18667667540411,55.94472534168606,145,-3.1869224210173965,55.94489741461697,null
556,-3.1869224210173965,55.94489741461697,330,-3.186662613396261,55.94474741461697,null
557,-3.186662613396261,55.94474741461697,155,-3.186934505732372,55.94487420009549,null
558,-3.186934505732372,55.94487420009549,330,-3.1866746981112364,55.94472420009549,null
559,-3.1866746981112364,55.94472420009549,145,-3.186920443724523,55.9448962730264,null
560,-3.186920443724523,55.9448962730264,330,-3.1866606361033876,55.944746273026404,null
561,-3.1866606361033876,55.944746273026404,155,-3.1869325284394985,55.944873058504925,null
562,-3.1869325284394985,55.944873058504925,330,-3.186672720818363,55.94472305850493,null
563,-3.186672720818363,55.94472305850493,145,-3.1869184664316497,55.944895131435835,null
564,-3.1869184664316497,55.944895131435835,330,-3.186658658810514,55.94474513143584,null
565,-3.186658658810514,55.94474513143584,155,-3.186930551146625,55.94487191691436,null
566,-3.186930551146625,55.94487191691436,330,-3.1866707435254895,55.94472191691436,null
567,-3.1866707435254895,55.94472191691436,145,-3.1869164891387762,55.94489398984527,null
568,-3.1869164891387762,55.94489398984527,330,-3.1866566815176407,55.94474398984527,null
569,-3.1866566815176407,55.94474398984527,155,-3.1869285738537516,55.94487077532379,null
570,-3.1869285738537516,55.94487077532379,330,-3.186668766232616,55.944720775323795,null
571,-3.186668766232616,55.944720775323795,145,-3.186914511845903,55.9448928482547,null
572,-3.186914511845903,55.9448928482547,330,-3.1866547042247673,55.944742848254705,null
573,-3.1866547042247673,55.944742848254705,155,-3.186926596560878,55.94486963373323,null
574,-3.186926596560878,55.94486963373323,330,-3.1866667889397426,55.94471963373323,null
575,-3.1866667889397426,55.94471963373323,145,-3.1869125345530294,55.94489170666414,null
576,-3.1869125345530294,55.94489170666414,330,-3.186652726931894,55.94474170666414,null
577,-3.186652726931894,55.94474170666414,155,-3.1869246192680047,55.94486849214266,null
578,-3.1869246192680047,55.94486849214266,330,-3.186664811646869,55.94471849214266,null
579,-3.186664811646869,55.94471849214266,145,-3.186910557260156,55.94489056507357,null
580,-3.186910557260156,55.94489056507357,330,-3.1866507496390204,55.94474056507357,null
581,-3.1866507496390204,55.94474056507357,155,-3.1869226419751313,55.944867350552094,null
582,-3.1869226419751313,55.944867350552094,330,-3.1866628343539958,55.9447173505521,null
583,-3.1866628343539958,55.9447173505521,145,-3.1869085799672825,55.944889423483005,null
584,-3.1869085799672825,55.944889423483005,330,-3.186648772346147,55.94473942348301,null
585,-3.186648772346147,55.94473942348301,155,-3.186920664682258,55.94486620896153,null
586,-3.186920664682258,55.94486620896153,340,-3.186638756896022,55.94476360291853,null
587,-3.186638756896022,55.94476360291853,165,-3.1869285346439087,55.94484124863206,null
588,-3.1869285346439087,55.94484124863206,350,-3.186633092318005,55.94478915417876,null
589,-3.186633092318005,55.94478915417876,50,-3.186440256035099,55.94501896751169,null
590,-3.186440256035099,55.94501896751169,140,-3.1866700693680348,55.9452118037946,null
591,-3.1866700693680348,55.9452118037946,140,-3.1867834728763893,55.945306960636636,spent.spoon.bolt
592,-3.1867834728763893,55.945306960636636,40,-3.1865536595434536,55.94549979691954,null
593,-3.1865536595434536,55.94549979691954,50,-3.186439233978369,55.94563616399782,posts.kicked.universally
594,-3.186439233978369,55.94563616399782,30,-3.1861794263572336,55.945786163997816,null
595,-3.1861794263572336,55.945786163997816,30,-3.18596246157781,55.94591142867162,renew.slows.basket
596,-3.18596246157781,55.94591142867162,340,-3.1856805537915744,55.94580882262862,null
597,-3.1856805537915744,55.94580882262862,340,-3.1853986460053387,55.94570621658562,null
598,-3.1853986460053387,55.94570621658562,340,-3.185116738219103,55.94560361054262,null
599,-3.185116738219103,55.94560361054262,330,-3.1848569305979675,55.94545361054262,null
600,-3.1848569305979675,55.94545361054262,340,-3.1846815152237697,55.94538976456778,settle.title.united
601,-3.1846815152237697,55.94538976456778,300,-3.184531524629874,55.945129973238494,sports.topic.clocks
602,-3.184531524629874,55.945129973238494,230,-3.1847243609127798,55.94490015990556,null
603,-3.1847243609127798,55.94490015990556,220,-3.1847624956172154,55.94486816108913,slide.leads.stores
604,-3.1847624956172154,55.94486816108913,210,-3.185022303238351,55.944718161089135,null
605,-3.185022303238351,55.944718161089135,210,-3.1852821108594864,55.94456816108914,null
606,-3.1852821108594864,55.94456816108914,210,-3.185499426451328,55.94444269387369,atoms.vanish.foods
607,-3.185499426451328,55.94444269387369,170,-3.185794868777232,55.94449478832699,null
608,-3.185794868777232,55.94449478832699,160,-3.1860767765634677,55.94459739436999,null
609,-3.1860767765634677,55.94459739436999,170,-3.1862054265044715,55.94462007882566,rated.fired.crowds
610,-3.1862054265044715,55.94462007882566,265,-3.1862315732272957,55.94432122041623,null
611,-3.1862315732272957,55.94432122041623,245,-3.1863583587058177,55.94404932808012,lime.learns.front
612,-3.1863583587058177,55.94404932808012,340,-3.1861780560380573,55.94398370327589,teams.mild.played
613,-3.1861780560380573,55.94398370327589,300,-3.186028056038057,55.943723895654756,null
614,-3.186028056038057,55.943723895654756,300,-3.185878056038057,55.94346408803362,null
615,-3.185878056038057,55.94346408803362,300,-3.185728056038057,55.94320428041249,null
616,-3.185728056038057,55.94320428041249,300,-3.1856414345536446,55.94305424760046,dent.shins.cycle
617,-3.1856414345536446,55.94305424760046,190,-3.1859368768795484,55.943002153147155,null
618,-3.1859368768795484,55.943002153147155,190,-3.1861540901602172,55.9429638525852,hers.banks.goat
619,-3.1861540901602172,55.9429638525852,190,-3.186449532486121,55.9429117581319,null
620,-3.186449532486121,55.9429117581319,180,-3.1867495324861213,55.9429117581319,null
621,-3.1867495324861213,55.9429117581319,190,-3.1868291334210332,55.94289772233938,valve.elaborate.fortunate
622,-3.1868291334210332,55.94289772233938,130,-3.187021969703939,55.94312753567232,null
623,-3.187021969703939,55.94312753567232,130,-3.1870803210339766,55.94319707607952,scale.chair.kinds
624,-3.1870803210339766,55.94319707607952,180,-3.187380321033977,55.94319707607952,null
625,-3.187380321033977,55.94319707607952,180,-3.187680321033977,55.94319707607952,null
626,-3.187680321033977,55.94319707607952,180,-3.187980321033977,55.94319707607952,null
627,-3.187980321033977,55.94319707607952,190,-3.188275763359881,55.94314498162622,null
628,-3.188275763359881,55.94314498162622,180,-3.1884197848170333,55.94314498162622,groups.ideas.script
629,-3.1884197848170333,55.94314498162622,140,-3.1885612125090357,55.94326365355042,system.speak.guard
630,-3.1885612125090357,55.94326365355042,180,-3.188861212509036,55.94326365355042,null
631,-3.188861212509036,55.94326365355042,180,-3.189161212509036,55.94326365355042,null
632,-3.189161212509036,55.94326365355042,180,-3.1891897934972397,55.94326365355042,rents.cone.stove
633,-3.1891897934972397,55.94326365355042,190,-3.1894852358231436,55.943211559097115,null
634,-3.1894852358231436,55.943211559097115,180,-3.1897852358231438,55.943211559097115,null
635,-3.1897852358231438,55.943211559097115,190,-3.1898645948160507,55.943197565965505,shows.fries.lamp
636,-3.1898645948160507,55.943197565965505,140,-3.1900362950866863,55.94334163959927,arts.dish.scarcely
637,-3.1900362950866863,55.94334163959927,120,-3.190168011340238,55.9435697788426,sculpture.shot.melon
638,-3.190168011340238,55.9435697788426,190,-3.190463453666142,55.9435176843893,null
639,-3.190463453666142,55.9435176843893,190,-3.1907588959920457,55.943465589936,null
640,-3.1907588959920457,55.943465589936,190,-3.190982181748128,55.94342621863279,meal.feed.large
641,-3.190982181748128,55.94342621863279,100,-3.191034276201428,55.943721660958694,null
642,-3.191034276201428,55.943721660958694,100,-3.191086370654728,55.9440171032846,null
643,-3.191086370654728,55.9440171032846,100,-3.191138465108028,55.94431254561051,null
644,-3.191138465108028,55.94431254561051,100,-3.191190559561328,55.944607987936415,null
645,-3.191190559561328,55.944607987936415,90,-3.191190559561328,55.94490798793642,null
646,-3.191190559561328,55.94490798793642,100,-3.191242654014628,55.945203430262325,null
647,-3.191242654014628,55.945203430262325,90,-3.191242654014628,55.945409542372275,skins.engage.best
648,-3.191242654014628,55.945409542372275,140,-3.191472467347564,55.94560237865518,null
649,-3.191472467347564,55.94560237865518,140,-3.1917022806804995,55.94579521493809,null
650,-3.1917022806804995,55.94579521493809,130,-3.1917571743204616,55.94586063463072,stone.undulation.poems
651,-3.1917571743204616,55.94586063463072,10,-3.1914617319945577,55.94591272908402,null
652,-3.1914617319945577,55.94591272908402,10,-3.1913460977544728,55.94593311852044,simple.rust.audio
653,-3.1913460977544728,55.94593311852044,330,-3.1910862901333372,55.945783118520445,null
654,-3.1910862901333372,55.945783118520445,330,-3.1908264825122017,55.94563311852045,null
655,-3.1908264825122017,55.94563311852045,330,-3.1905902167537192,55.94549671042119,jump.crop.fits
656,-3.1905902167537192,55.94549671042119,40,-3.1903604034207835,55.945689546704095,null
657,-3.1903604034207835,55.945689546704095,40,-3.190130590087848,55.945882382987,null
658,-3.190130590087848,55.945882382987,40,-3.1901015799638177,55.94590672537137,love.behind.orchestra
659,-3.1901015799638177,55.94590672537137,0,-3.1898015799638175,55.94590672537137,null
660,-3.1898015799638175,55.94590672537137,10,-3.1895689957970554,55.94594773623526,coherent.saints.stuck
661,-3.1895689957970554,55.94594773623526,290,-3.189466389754058,55.94566582844902,null
662,-3.189466389754058,55.94566582844902,300,-3.1893163897540577,55.94540602082789,null
663,-3.1893163897540577,55.94540602082789,290,-3.1892634273882003,55.945260507923614,number.exist.rate
664,-3.1892634273882003,55.945260507923614,350,-3.1889679850622965,55.94520841347031,null
665,-3.1889679850622965,55.94520841347031,350,-3.188892067884516,55.94519502722357,rooms.lamp.teach
