0,-3.188396,55.944425,261,-3.188415,55.944305,trades.rare.cable
1,-3.188415,55.944305,300,-3.188265,55.944045192378866,null
2,-3.188265,55.944045192378866,300,-3.1882160044565477,55.94396032960826,cubs.trucks.help
3,-3.1882160044565477,55.94396032960826,290,-3.18811339841355,55.94367842182202,null
4,-3.18811339841355,55.94367842182202,290,-3.1880107923705525,55.94339651403578,null
5,-3.1880107923705525,55.94339651403578,300,-3.1878607923705524,55.94313670641465,null
6,-3.1878607923705524,55.94313670641465,290,-3.1877870466080362,55.94293409159735,panic.squad.danger
7,-3.1877870466080362,55.94293409159735,50,-3.1875942103251305,55.94316390493029,null
8,-3.1875942103251305,55.94316390493029,50,-3.1874013740422247,55.94339371826322,null
9,-3.1874013740422247,55.94339371826322,60,-3.1872513740422246,55.94365352588436,null
10,-3.1872513740422246,55.94365352588436,50,-3.187113552389468,55.94381777533417,renew.ears.tend
11,-3.187113552389468,55.94381777533417,70,-3.1870109463464704,55.944099683120406,null
12,-3.1870109463464704,55.944099683120406,115,-3.1871377318249925,55.944371575456515,null
13,-3.1871377318249925,55.944371575456515,115,-3.1872645173035146,55.94464346779262,null
14,-3.1872645173035146,55.94464346779262,350,-3.1869690749776107,55.94459137333932,null
15,-3.1869690749776107,55.94459137333932,355,-3.186777,55.944575,artist.gets.react
16,-3.186777,55.944575,105,-3.186854645713531,55.94486477774789,dragon.bottle.crisp
17,-3.186854645713531,55.94486477774789,320,-3.1866248323805952,55.94467194146498,null
18,-3.1866248323805952,55.94467194146498,70,-3.1865981958100855,55.94474512484099,laws.merit.bleak
19,-3.1865981958100855,55.94474512484099,340,-3.18631628802385,55.94464251879799,null
20,-3.18631628802385,55.94464251879799,340,-3.186034380237614,55.94453991275499,null
21,-3.186034380237614,55.94453991275499,330,-3.1858458119332536,55.94443104279371,atoms.vanish.foods
22,-3.1858458119332536,55.94443104279371,310,-3.1856529756503478,55.944201229460774,null
23,-3.1856529756503478,55.944201229460774,300,-3.1856210506528075,55.944145933743,manliness.poem.cliff
24,-3.1856210506528075,55.944145933743,320,-3.185391237319872,55.943953097460096,null
25,-3.185391237319872,55.943953097460096,310,-3.1852768622039114,55.94381679050475,hello.love.keys
26,-3.1852768622039114,55.94381679050475,70,-3.1851742561609138,55.944098698290986,null
27,-3.1851742561609138,55.944098698290986,70,-3.185071650117916,55.944380606077225,null
28,-3.185071650117916,55.944380606077225,60,-3.1849685469926103,55.944559185928675,slide.leads.stores
29,-3.1849685469926103,55.944559185928675,60,-3.1848185469926102,55.94481899354981,null
30,-3.1848185469926102,55.94481899354981,60,-3.18466854699261,55.94507880117094,null
31,-3.18466854699261,55.94507880117094,60,-3.184627307079789,55.94515023079525,settle.title.united
32,-3.184627307079789,55.94515023079525,120,-3.184777307079789,55.945410038416384,null
33,-3.184777307079789,55.945410038416384,120,-3.184927307079789,55.94566984603752,null
34,-3.184927307079789,55.94566984603752,120,-3.1849470351313762,55.9457040160252,rider.aura.bulb
35,-3.1849470351313762,55.9457040160252,180,-3.1852470351313764,55.9457040160252,null
36,-3.1852470351313764,55.9457040160252,170,-3.185432556658074,55.945736728475865,shed.desire.muddy
37,-3.185432556658074,55.945736728475865,180,-3.185732556658074,55.945736728475865,null
38,-3.185732556658074,55.945736728475865,180,-3.1860325566580743,55.945736728475865,null
39,-3.1860325566580743,55.945736728475865,170,-3.1861063340977,55.94574973742904,posts.kicked.universally
40,-3.1861063340977,55.94574973742904,190,-3.1864017764236037,55.94569764297574,null
41,-3.1864017764236037,55.94569764297574,190,-3.1865400828184525,55.94567325582672,hidden.handle.softly
42,-3.1865400828184525,55.94567325582672,210,-3.1867647025182007,55.945543571582604,spent.spoon.bolt
43,-3.1867647025182007,55.945543571582604,150,-3.187024510139336,55.9456935715826,null
44,-3.187024510139336,55.9456935715826,150,-3.187257458118891,55.945828064161304,slips.mass.baking
45,-3.187257458118891,55.945828064161304,200,-3.1875393659051268,55.945725458118304,null
46,-3.1875393659051268,55.945725458118304,200,-3.1878212736913625,55.9456228520753,null
47,-3.1878212736913625,55.9456228520753,200,-3.188103181477598,55.9455202460323,null
48,-3.188103181477598,55.9455202460323,200,-3.188385089263834,55.9454176399893,null
49,-3.188385089263834,55.9454176399893,200,-3.1886669970500696,55.9453150339463,null
50,-3.1886669970500696,55.9453150339463,200,-3.1889489048363053,55.9452124279033,null
51,-3.1889489048363053,55.9452124279033,210,-3.1890167178537903,55.9451732760394,number.exist.rate
52,-3.1890167178537903,55.9451732760394,160,-3.189298625640026,55.9452758820824,null
53,-3.189298625640026,55.9452758820824,160,-3.1895805334262617,55.9453784881254,null
54,-3.1895805334262617,55.9453784881254,160,-3.1896851822537395,55.94541657718365,turkey.limit.ramp
55,-3.1896851822537395,55.94541657718365,110,-3.189787788296737,55.94569848496989,null
56,-3.189787788296737,55.94569848496989,120,-3.1898791285456447,55.94585669092177,love.behind.orchestra
57,-3.1898791285456447,55.94585669092177,170,-3.1901745708715485,55.945908785375075,null
58,-3.1901745708715485,55.945908785375075,180,-3.1904745708715487,55.945908785375075,null
59,-3.1904745708715487,55.945908785375075,170,-3.1907700131974526,55.94596087982838,null
60,-3.1907700131974526,55.94596087982838,180,-3.1909716025860524,55.94596087982838,simple.rust.audio
61,-3.1909716025860524,55.94596087982838,230,-3.1911459145783474,55.94575314288532,skins.engage.best
62,-3.1911459145783474,55.94575314288532,290,-3.19104330853535,55.945471235099085,null
63,-3.19104330853535,55.945471235099085,290,-3.190940702492352,55.945189327312846,null
64,-3.190940702492352,55.945189327312846,290,-3.1908380964493546,55.94490741952661,null
65,-3.1908380964493546,55.94490741952661,290,-3.190735490406357,55.94462551174037,null
66,-3.190735490406357,55.94462551174037,290,-3.1906328843633593,55.94434360395413,null
67,-3.1906328843633593,55.94434360395413,300,-3.190522393643697,55.94415222841391,pump.wheels.hulk
68,-3.190522393643697,55.94415222841391,230,-3.1907152299266026,55.943922415080976,null
69,-3.1907152299266026,55.943922415080976,230,-3.1909080662095084,55.94369260174804,null
70,-3.1909080662095084,55.94369260174804,230,-3.1910538283186947,55.94351888923075,meal.feed.large
71,-3.1910538283186947,55.94351888923075,300,-3.1909038283186946,55.94325908160962,null
72,-3.1909038283186946,55.94325908160962,310,-3.190710992035789,55.94302926827668,null
73,-3.190710992035789,55.94302926827668,300,-3.1906845989905044,55.94298355418128,tonic.bliss.cove
74,-3.1906845989905044,55.94298355418128,20,-3.1904026912042687,55.94308616022428,null
75,-3.1904026912042687,55.94308616022428,10,-3.1902342070493885,55.94311586852661,shows.fries.lamp
76,-3.1902342070493885,55.94311586852661,320,-3.190004393716453,55.942923032243705,null
77,-3.190004393716453,55.942923032243705,310,-3.1898977539832782,55.94279594395858,hooked.shine.third
78,-3.1898977539832782,55.94279594395858,20,-3.1896158461970425,55.94289855000158,null
79,-3.1896158461970425,55.94289855000158,20,-3.1894193179683685,55.94297008042701,region.passes.pencil
80,-3.1894193179683685,55.94297008042701,50,-3.1892264816854627,55.943199893759946,null
81,-3.1892264816854627,55.943199893759946,50,-3.189033645402557,55.94342970709288,null
82,-3.189033645402557,55.94342970709288,50,-3.1889670242277277,55.94350910311733,labels.hotels.alert
83,-3.1889670242277277,55.94350910311733,150,-3.1892268318488632,55.94365910311733,null
84,-3.1892268318488632,55.94365910311733,160,-3.18944701623166,55.94373924367872,burn.spot.across
85,-3.18944701623166,55.94373924367872,140,-3.1896768295645956,55.94393207996163,null
86,-3.1896768295645956,55.94393207996163,130,-3.189688316548255,55.943945769615674,cliff.asleep.wedge
87,-3.189688316548255,55.943945769615674,20,-3.1894064087620193,55.944048375658674,null
88,-3.1894064087620193,55.944048375658674,30,-3.1893052220373392,55.94410679584141,spoon.invest.every
